#4  621
#Prescribed CO2 concentrations 1990.5 to 2300
#For stabilisation cases. Mathced to mid 1990 trend of 1.7
#................
#t             S350     S450     S550     S650     S750     DS450     DS550   
 1990.50   354.170   354.170   354.170   354.170   354.170   354.170   354.170
 1991.00   355.016   355.019   355.020   355.021   355.023   355.020   355.021
 1991.50   355.854   355.864   355.869   355.874   355.881   355.869   355.874
 1992.00   356.684   356.707   356.717   356.730   356.744   356.717   356.730
 1992.50   357.507   357.546   357.565   357.587   357.612   357.565   357.587
 1993.00   358.321   358.383   358.413   358.447   358.486   358.413   358.447
 1993.50   359.127   359.216   359.260   359.309   359.365   359.260   359.309
 1994.00   359.925   360.047   360.106   360.173   360.250   360.106   360.173
 1994.50   360.715   360.874   360.951   361.040   361.139   360.951   361.040
 1995.00   361.497   361.699   361.796   361.908   362.034   361.796   361.908
 1995.50   362.270   362.520   362.641   362.779   362.934   362.641   362.779
 1996.00   363.035   363.338   363.484   363.651   363.840   363.484   363.651
 1996.50   363.792   364.153   364.328   364.526   364.750   364.328   364.526
 1997.00   364.541   364.965   365.170   365.403   365.666   365.170   365.403
 1997.50   365.281   365.774   366.012   366.282   366.587   366.012   366.282
 1998.00   366.013   366.579   366.853   367.163   367.513   366.853   367.163
 1998.50   366.737   367.382   367.694   368.046   368.444   367.694   368.046
 1999.00   367.452   368.181   368.534   368.931   369.380   368.534   368.931
 1999.50   368.158   368.976   369.373   369.818   370.322   369.373   369.818
 2000.00   368.856   369.769   370.212   370.707   371.268   370.212   370.707
 2000.50   369.546   370.558   371.050   371.598   372.220   371.050   371.598
 2001.00   370.227   371.344   371.888   372.491   373.177   371.888   372.491
 2001.50   370.899   372.127   372.724   373.386   374.138   372.724   373.386
 2002.00   371.563   372.906   373.560   374.284   375.105   373.560   374.284
 2002.50   372.218   373.682   374.396   375.183   376.077   374.396   375.183
 2003.00   372.864   374.455   375.231   376.084   377.054   375.231   376.084
 2003.50   373.502   375.224   376.065   376.987   378.035   376.065   376.987
 2004.00   374.131   375.990   376.898   377.892   379.022   376.898   377.892
 2004.50   374.751   376.752   377.731   378.799   380.014   377.731   378.799
 2005.00   375.363   377.511   378.563   379.708   381.010   378.563   379.708
 2005.50   375.966   378.267   379.395   380.618   382.012   379.395   380.618
 2006.00   376.560   379.019   380.225   381.531   383.018   380.225   381.531
 2006.50   377.145   379.767   381.055   382.445   384.029   381.055   382.445
 2007.00   377.721   380.512   381.885   383.362   385.045   381.885   383.362
 2007.50   378.289   381.254   382.713   384.280   386.066   382.713   384.280
 2008.00   378.847   381.992   383.541   385.200   387.092   383.541   385.200
 2008.50   379.397   382.727   384.369   386.122   388.122   384.369   386.122
 2009.00   379.938   383.458   385.195   387.046   389.157   385.195   387.046
 2009.50   380.470   384.185   386.021   387.971   390.196   386.021   387.971
 2010.00   380.993   384.909   386.846   388.898   391.241   386.846   388.898
 2010.50   381.508   385.629   387.670   389.827   392.290   387.670   389.827
 2011.00   382.013   386.346   388.494   390.758   393.343   388.494   390.758
 2011.50   382.510   387.059   389.317   391.691   394.402   389.315   391.689
 2012.00   382.997   387.768   390.139   392.625   395.464   390.133   392.618
 2012.50   383.476   388.474   390.960   393.561   396.531   390.946   393.546
 2013.00   383.946   389.176   391.781   394.498   397.603   391.756   394.472
 2013.50   384.407   389.875   392.601   395.438   398.679   392.561   395.397
 2014.00   384.859   390.569   393.420   396.379   399.760   393.362   396.319
 2014.50   385.302   391.260   394.238   397.321   400.845   394.158   397.241
 2015.00   385.736   391.948   395.056   398.265   401.934   394.950   398.160
 2015.50   386.161   392.631   395.873   399.211   403.028   395.737   399.079
 2016.00   386.577   393.311   396.689   400.159   404.126   396.519   399.995
 2016.50   386.985   393.987   397.504   401.108   405.228   397.297   400.910
 2017.00   387.383   394.659   398.318   402.058   406.335   398.069   401.823
 2017.50   387.773   395.328   399.132   403.010   407.446   398.837   402.734
 2018.00   388.154   395.993   399.945   403.964   408.561   399.599   403.644
 2018.50   388.526   396.654   400.757   404.919   409.680   400.356   404.552
 2019.00   388.889   397.311   401.568   405.875   410.803   401.108   405.459
 2019.50   389.243   397.964   402.379   406.833   411.930   401.855   406.364
 2020.00   389.588   398.613   403.188   407.793   413.061   402.595   407.267
 2020.50   389.925   399.259   403.997   408.754   414.196   403.331   408.168
 2021.00   390.253   399.901   404.805   409.716   415.335   404.061   409.068
 2021.50   390.572   400.539   405.612   410.680   416.478   404.784   409.966
 2022.00   390.882   401.173   406.418   411.645   417.625   405.503   410.862
 2022.50   391.184   401.803   407.224   412.612   418.776   406.215   411.757
 2023.00   391.477   402.429   408.028   413.579   419.930   406.922   412.649
 2023.50   391.761   403.051   408.832   414.549   421.088   407.622   413.540
 2024.00   392.036   403.670   409.635   415.519   422.250   408.317   414.430
 2024.50   392.303   404.284   410.437   416.491   423.416   409.005   415.317
 2025.00   392.562   404.895   411.238   417.464   424.585   409.687   416.203
 2025.50   392.811   405.501   412.038   418.438   425.757   410.363   417.087
 2026.00   393.053   406.104   412.837   419.413   426.934   411.033   417.969
 2026.50   393.285   406.702   413.636   420.390   428.113   411.697   418.849
 2027.00   393.509   407.297   414.433   421.368   429.297   412.354   419.728
 2027.50   393.725   407.888   415.230   422.347   430.483   413.005   420.604
 2028.00   393.932   408.474   416.025   423.327   431.673   413.650   421.479
 2028.50   394.131   409.057   416.820   424.308   432.866   414.288   422.352
 2029.00   394.322   409.636   417.614   425.290   434.063   414.920   423.224
 2029.50   394.504   410.210   418.407   426.274   435.262   415.545   424.093
 2030.00   394.678   410.781   419.199   427.258   436.465   416.164   424.960
 2030.50   394.843   411.347   419.990   428.244   437.671   416.776   425.826
 2031.00   395.001   411.910   420.780   429.230   438.880   417.382   426.690
 2031.50   395.150   412.468   421.569   430.217   440.092   417.981   427.551
 2032.00   395.291   413.023   422.357   431.206   441.307   418.574   428.411
 2032.50   395.425   413.573   423.144   432.195   442.525   419.160   429.269
 2033.00   395.550   414.119   423.931   433.185   443.746   419.739   430.125
 2033.50   395.667   414.662   424.716   434.176   444.970   420.312   430.980
 2034.00   395.776   415.200   425.500   435.168   446.196   420.878   431.832
 2034.50   395.877   415.734   426.283   436.161   447.425   421.438   432.682
 2035.00   395.971   416.264   427.066   437.155   448.657   421.991   433.530
 2035.50   396.056   416.789   427.847   438.149   449.892   422.537   434.377
 2036.00   396.134   417.311   428.627   439.145   451.129   423.077   435.221
 2036.50   396.205   417.829   429.406   440.140   452.368   423.610   436.064
 2037.00   396.267   418.342   430.184   441.137   453.610   424.137   436.904
 2037.50   396.322   418.852   430.961   442.134   454.855   424.657   437.742
 2038.00   396.370   419.357   431.737   443.133   456.102   425.170   438.579
 2038.50   396.410   419.858   432.512   444.131   457.351   425.677   439.413
 2039.00   396.442   420.355   433.286   445.130   458.602   426.177   440.245
 2039.50   396.468   420.847   434.059   446.130   459.856   426.671   441.076
 2040.00   396.486   421.336   434.831   447.131   461.111   427.158   441.904
 2040.50   396.496   421.821   435.602   448.132   462.369   427.639   442.730
 2041.00   396.500   422.301   436.371   449.133   463.629   428.113   443.554
 2041.50   396.496   422.777   437.140   450.135   464.891   428.581   444.376
 2042.00   396.486   423.249   437.907   451.138   466.155   429.043   445.196
 2042.50   396.468   423.717   438.674   452.141   467.420   429.498   446.014
 2043.00   396.444   424.180   439.439   453.144   468.688   429.946   446.830
 2043.50   396.412   424.640   440.203   454.148   469.957   430.388   447.643
 2044.00   396.374   425.095   440.966   455.152   471.228   430.824   448.455
 2044.50   396.329   425.546   441.727   456.156   472.501   431.254   449.264
 2045.00   396.278   425.993   442.488   457.161   473.775   431.677   450.071
 2045.50   396.220   426.436   443.247   458.166   475.051   432.094   450.876
 2046.00   396.155   426.874   444.006   459.171   476.328   432.505   451.679
 2046.50   396.084   427.308   444.763   460.177   477.607   432.910   452.480
 2047.00   396.006   427.739   445.519   461.182   478.887   433.308   453.278
 2047.50   395.922   428.164   446.273   462.188   480.168   433.701   454.074
 2048.00   395.832   428.586   447.027   463.194   481.451   434.087   454.868
 2048.50   395.736   429.004   447.779   464.200   482.735   434.467   455.660
 2049.00   395.634   429.417   448.530   465.206   484.020   434.842   456.450
 2049.50   395.525   429.826   449.280   466.213   485.306   435.210   457.237
 2050.00   395.411   430.231   450.028   467.219   486.593   435.573   458.022
 2050.50   395.291   430.632   450.776   468.225   487.881   435.929   458.805
 2051.00   395.165   431.028   451.522   469.231   489.170   436.280   459.586
 2051.50   395.033   431.420   452.266   470.238   490.460   436.625   460.364
 2052.00   394.896   431.808   453.010   471.244   491.750   436.964   461.140
 2052.50   394.753   432.192   453.752   472.250   493.042   437.298   461.913
 2053.00   394.604   432.572   454.493   473.255   494.334   437.626   462.685
 2053.50   394.451   432.947   455.232   474.261   495.626   437.948   463.454
 2054.00   394.291   433.319   455.971   475.266   496.920   438.265   464.220
 2054.50   394.127   433.686   456.708   476.272   498.213   438.576   464.985
 2055.00   393.957   434.049   457.443   477.277   499.507   438.882   465.746
 2055.50   393.783   434.407   458.177   478.281   500.802   439.183   466.506
 2056.00   393.603   434.762   458.910   479.285   502.097   439.478   467.263
 2056.50   393.418   435.112   459.642   480.289   503.392   439.767   468.018
 2057.00   393.228   435.458   460.372   481.293   504.687   440.052   468.770
 2057.50   393.034   435.800   461.100   482.296   505.983   440.331   469.520
 2058.00   392.835   436.137   461.828   483.299   507.278   440.605   470.267
 2058.50   392.631   436.471   462.554   484.301   508.574   440.874   471.012
 2059.00   392.423   436.800   463.278   485.303   509.869   441.138   471.755
 2059.50   392.210   437.125   464.001   486.304   511.165   441.397   472.495
 2060.00   391.993   437.446   464.723   487.304   512.460   441.650   473.232
 2060.50   391.772   437.762   465.443   488.304   513.755   441.899   473.967
 2061.00   391.546   438.075   466.161   489.304   515.050   442.143   474.700
 2061.50   391.316   438.383   466.878   490.302   516.345   442.382   475.430
 2062.00   391.083   438.687   467.594   491.300   517.639   442.617   476.158
 2062.50   390.845   438.987   468.308   492.298   518.932   442.847   476.882
 2063.00   390.603   439.283   469.021   493.294   520.226   443.072   477.605
 2063.50   390.358   439.574   469.732   494.290   521.518   443.292   478.325
 2064.00   390.109   439.862   470.442   495.285   522.810   443.508   479.042
 2064.50   389.856   440.145   471.150   496.279   524.101   443.719   479.756
 2065.00   389.599   440.424   471.856   497.272   525.392   443.926   480.468
 2065.50   389.340   440.699   472.561   498.264   526.682   444.128   481.178
 2066.00   389.076   440.970   473.264   499.256   527.971   444.326   481.885
 2066.50   388.810   441.236   473.966   500.246   529.259   444.520   482.589
 2067.00   388.540   441.499   474.666   501.235   530.546   444.709   483.290
 2067.50   388.267   441.757   475.364   502.224   531.832   444.894   483.989
 2068.00   387.991   442.011   476.061   503.211   533.117   445.075   484.685
 2068.50   387.712   442.261   476.756   504.197   534.401   445.252   485.378
 2069.00   387.431   442.507   477.449   505.182   535.684   445.425   486.069
 2069.50   387.146   442.749   478.141   506.166   536.965   445.593   486.757
 2070.00   386.859   442.987   478.831   507.149   538.245   445.758   487.442
 2070.50   386.569   443.220   479.519   508.130   539.524   445.919   488.125
 2071.00   386.276   443.450   480.206   509.110   540.802   446.076   488.804
 2071.50   385.981   443.675   480.891   510.089   542.078   446.229   489.481
 2072.00   385.684   443.897   481.574   511.066   543.352   446.378   490.155
 2072.50   385.384   444.114   482.255   512.043   544.625   446.523   490.827
 2073.00   385.082   444.327   482.935   513.017   545.896   446.665   491.495
 2073.50   384.778   444.536   483.612   513.991   547.165   446.803   492.161
 2074.00   384.472   444.741   484.288   514.963   548.433   446.938   492.824
 2074.50   384.164   444.942   484.962   515.933   549.699   447.069   493.483
 2075.00   383.854   445.139   485.634   516.902   550.963   447.196   494.141
 2075.50   383.542   445.332   486.305   517.869   552.226   447.320   494.795
 2076.00   383.228   445.521   486.973   518.835   553.486   447.441   495.446
 2076.50   382.913   445.705   487.640   519.799   554.744   447.558   496.094
 2077.00   382.596   445.886   488.304   520.761   556.000   447.671   496.740
 2077.50   382.277   446.063   488.967   521.722   557.255   447.782   497.382
 2078.00   381.958   446.236   489.628   522.681   558.507   447.889   498.022
 2078.50   381.636   446.404   490.287   523.638   559.756   447.993   498.658
 2079.00   381.314   446.569   490.944   524.594   561.004   448.094   499.292
 2079.50   380.990   446.730   491.598   525.548   562.249   448.192   499.922
 2080.00   380.665   446.887   492.251   526.500   563.492   448.287   500.550
 2080.50   380.339   447.039   492.902   527.450   564.732   448.379   501.174
 2081.00   380.012   447.188   493.551   528.398   565.970   448.467   501.796
 2081.50   379.685   447.333   494.198   529.344   567.206   448.553   502.414
 2082.00   379.356   447.474   494.842   530.288   568.439   448.636   503.029
 2082.50   379.027   447.611   495.485   531.230   569.669   448.716   503.641
 2083.00   378.697   447.744   496.125   532.170   570.897   448.793   504.250
 2083.50   378.366   447.873   496.763   533.108   572.122   448.867   504.856
 2084.00   378.035   447.998   497.399   534.044   573.344   448.939   505.459
 2084.50   377.703   448.120   498.033   534.978   574.563   449.008   506.059
 2085.00   377.371   448.237   498.665   535.910   575.780   449.074   506.655
 2085.50   377.039   448.351   499.294   536.839   576.993   449.138   507.248
 2086.00   376.706   448.460   499.922   537.767   578.204   449.199   507.838
 2086.50   376.373   448.566   500.547   538.692   579.412   449.257   508.425
 2087.00   376.041   448.668   501.169   539.614   580.617   449.313   509.009
 2087.50   375.708   448.766   501.790   540.535   581.818   449.367   509.589
 2088.00   375.375   448.860   502.408   541.453   583.017   449.418   510.166
 2088.50   375.042   448.951   503.023   542.369   584.212   449.466   510.740
 2089.00   374.709   449.037   503.637   543.282   585.405   449.513   511.310
 2089.50   374.377   449.120   504.248   544.193   586.593   449.557   511.877
 2090.00   374.045   449.199   504.856   545.101   587.779   449.598   512.441
 2090.50   373.713   449.274   505.462   546.007   588.962   449.638   513.002
 2091.00   373.382   449.346   506.066   546.910   590.141   449.675   513.559
 2091.50   373.051   449.413   506.667   547.811   591.316   449.710   514.112
 2092.00   372.721   449.477   507.266   548.709   592.488   449.743   514.663
 2092.50   372.391   449.537   507.862   549.605   593.657   449.773   515.210
 2093.00   372.062   449.594   508.456   550.498   594.822   449.802   515.753
 2093.50   371.734   449.647   509.047   551.388   595.984   449.828   516.293
 2094.00   371.407   449.696   509.635   552.275   597.142   449.853   516.830
 2094.50   371.080   449.741   510.221   553.160   598.297   449.875   517.363
 2095.00   370.755   449.783   510.804   554.042   599.447   449.896   517.892
 2095.50   370.430   449.820   511.385   554.921   600.594   449.914   518.418
 2096.00   370.107   449.855   511.963   555.798   601.738   449.931   518.941
 2096.50   369.784   449.885   512.538   556.671   602.877   449.946   519.459
 2097.00   369.463   449.912   513.110   557.542   604.013   449.959   519.975
 2097.50   369.143   449.936   513.680   558.409   605.145   449.970   520.486
 2098.00   368.824   449.955   514.247   559.274   606.273   449.979   520.995
 2098.50   368.507   449.971   514.811   560.136   607.397   449.987   521.499
 2099.00   368.191   449.984   515.372   560.995   608.517   449.993   522.000
 2099.50   367.876   449.993   515.930   561.850   609.633   449.997   522.497
 2100.00   367.563   449.998   516.485   562.703   610.745   449.999   522.990
 2100.50   367.251   450.000   517.038   563.552   611.853   450.000   523.480
 2101.00   366.941   450.000   517.587   564.399   612.957   450.000   523.966
 2101.50   366.633   450.000   518.134   565.242   614.057   450.000   524.449
 2102.00   366.326   450.000   518.677   566.082   615.153   450.000   524.927
 2102.50   366.021   450.000   519.217   566.919   616.245   450.000   525.402
 2103.00   365.718   450.000   519.755   567.753   617.332   450.000   525.873
 2103.50   365.417   450.000   520.289   568.583   618.415   450.000   526.340
 2104.00   365.118   450.000   520.820   569.410   619.494   450.000   526.803
 2104.50   364.820   450.000   521.347   570.234   620.569   450.000   527.263
 2105.00   364.525   450.000   521.872   571.055   621.639   450.000   527.718
 2105.50   364.231   450.000   522.393   571.872   622.705   450.000   528.170
 2106.00   363.940   450.000   522.911   572.686   623.767   450.000   528.618
 2106.50   363.651   450.000   523.426   573.496   624.824   450.000   529.061
 2107.00   363.364   450.000   523.937   574.303   625.877   450.000   529.501
 2107.50   363.079   450.000   524.445   575.106   626.926   450.000   529.937
 2108.00   362.796   450.000   524.950   575.906   627.970   450.000   530.369
 2108.50   362.516   450.000   525.451   576.703   629.009   450.000   530.797
 2109.00   362.238   450.000   525.948   577.496   630.044   450.000   531.221
 2109.50   361.962   450.000   526.442   578.285   631.075   450.000   531.640
 2110.00   361.689   450.000   526.933   579.071   632.101   450.000   532.056
 2110.50   361.418   450.000   527.420   579.853   633.122   450.000   532.468
 2111.00   361.150   450.000   527.903   580.632   634.139   450.000   532.875
 2111.50   360.884   450.000   528.383   581.407   635.151   450.000   533.278
 2112.00   360.621   450.000   528.858   582.178   636.159   450.000   533.677
 2112.50   360.360   450.000   529.331   582.945   637.162   450.000   534.072
 2113.00   360.102   450.000   529.799   583.709   638.160   450.000   534.463
 2113.50   359.847   450.000   530.263   584.469   639.154   450.000   534.850
 2114.00   359.594   450.000   530.724   585.225   640.143   450.000   535.232
 2114.50   359.344   450.000   531.180   585.978   641.127   450.000   535.610
 2115.00   359.097   450.000   531.633   586.726   642.106   450.000   535.984
 2115.50   358.853   450.000   532.082   587.471   643.081   450.000   536.353
 2116.00   358.612   450.000   532.526   588.212   644.051   450.000   536.718
 2116.50   358.373   450.000   532.967   588.949   645.016   450.000   537.079
 2117.00   358.137   450.000   533.403   589.682   645.977   450.000   537.435
 2117.50   357.904   450.000   533.835   590.411   646.932   450.000   537.787
 2118.00   357.675   450.000   534.263   591.137   647.883   450.000   538.134
 2118.50   357.448   450.000   534.687   591.858   648.829   450.000   538.477
 2119.00   357.224   450.000   535.106   592.575   649.770   450.000   538.816
 2119.50   357.003   450.000   535.521   593.289   650.706   450.000   539.150
 2120.00   356.785   450.000   535.931   593.998   651.637   450.000   539.479
 2120.50   356.571   450.000   536.337   594.703   652.564   450.000   539.804
 2121.00   356.359   450.000   536.739   595.404   653.485   450.000   540.125
 2121.50   356.151   450.000   537.136   596.101   654.402   450.000   540.440
 2122.00   355.945   450.000   537.528   596.794   655.314   450.000   540.752
 2122.50   355.743   450.000   537.916   597.483   656.221   450.000   541.058
 2123.00   355.545   450.000   538.298   598.168   657.123   450.000   541.360
 2123.50   355.349   450.000   538.676   598.849   658.020   450.000   541.657
 2124.00   355.157   450.000   539.049   599.525   658.911   450.000   541.950
 2124.50   354.967   450.000   539.418   600.197   659.799   450.000   542.237
 2125.00   354.782   450.000   539.781   600.865   660.681   450.000   542.520
 2125.50   354.599   450.000   540.139   601.529   661.558   450.000   542.798
 2126.00   354.420   450.000   540.492   602.189   662.430   450.000   543.072
 2126.50   354.244   450.000   540.840   602.844   663.297   450.000   543.340
 2127.00   354.072   450.000   541.183   603.495   664.159   450.000   543.604
 2127.50   353.903   450.000   541.520   604.142   665.016   450.000   543.863
 2128.00   353.737   450.000   541.852   604.784   665.868   450.000   544.116
 2128.50   353.575   450.000   542.179   605.422   666.716   450.000   544.365
 2129.00   353.416   450.000   542.500   606.056   667.558   450.000   544.609
 2129.50   353.261   450.000   542.816   606.686   668.395   450.000   544.848
 2130.00   353.109   450.000   543.126   607.311   669.227   450.000   545.082
 2130.50   352.961   450.000   543.431   607.932   670.054   450.000   545.311
 2131.00   352.816   450.000   543.729   608.548   670.876   450.000   545.535
 2131.50   352.675   450.000   544.022   609.160   671.693   450.000   545.753
 2132.00   352.537   450.000   544.309   609.768   672.505   450.000   545.967
 2132.50   352.402   450.000   544.590   610.371   673.312   450.000   546.175
 2133.00   352.272   450.000   544.865   610.970   674.114   450.000   546.379
 2133.50   352.145   450.000   545.134   611.564   674.911   450.000   546.577
 2134.00   352.021   450.000   545.397   612.154   675.703   450.000   546.769
 2134.50   351.901   450.000   545.653   612.739   676.490   450.000   546.957
 2135.00   351.785   450.000   545.903   613.320   677.272   450.000   547.139
 2135.50   351.672   450.000   546.147   613.896   678.049   450.000   547.316
 2136.00   351.563   450.000   546.384   614.468   678.821   450.000   547.488
 2136.50   351.457   450.000   546.615   615.035   679.588   450.000   547.654
 2137.00   351.355   450.000   546.839   615.598   680.350   450.000   547.815
 2137.50   351.257   450.000   547.056   616.156   681.106   450.000   547.970
 2138.00   351.163   450.000   547.266   616.710   681.858   450.000   548.120
 2138.50   351.072   450.000   547.469   617.259   682.605   450.000   548.264
 2139.00   350.984   450.000   547.666   617.804   683.347   450.000   548.403
 2139.50   350.901   450.000   547.855   618.344   684.084   450.000   548.536
 2140.00   350.821   450.000   548.037   618.880   684.816   450.000   548.664
 2140.50   350.745   450.000   548.211   619.411   685.543   450.000   548.786
 2141.00   350.672   450.000   548.378   619.937   686.264   450.000   548.902
 2141.50   350.603   450.000   548.538   620.459   686.981   450.000   549.013
 2142.00   350.538   450.000   548.690   620.976   687.693   450.000   549.118
 2142.50   350.477   450.000   548.834   621.488   688.400   450.000   549.217
 2143.00   350.419   450.000   548.971   621.996   689.102   450.000   549.311
 2143.50   350.365   450.000   549.099   622.499   689.799   450.000   549.399
 2144.00   350.315   450.000   549.220   622.998   690.491   450.000   549.481
 2144.50   350.268   450.000   549.332   623.492   691.179   450.000   549.557
 2145.00   350.225   450.000   549.436   623.981   691.861   450.000   549.627
 2145.50   350.186   450.000   549.532   624.466   692.538   450.000   549.691
 2146.00   350.151   450.000   549.619   624.946   693.211   450.000   549.749
 2146.50   350.119   450.000   549.698   625.422   693.878   450.000   549.802
 2147.00   350.091   450.000   549.767   625.892   694.541   450.000   549.848
 2147.50   350.067   450.000   549.828   626.358   695.199   450.000   549.888
 2148.00   350.047   450.000   549.880   626.820   695.851   450.000   549.922
 2148.50   350.030   450.000   549.923   627.276   696.499   450.000   549.950
 2149.00   350.017   450.000   549.956   627.729   697.143   450.000   549.972
 2149.50   350.007   450.000   549.981   628.176   697.781   450.000   549.987
 2150.00   350.002   450.000   549.995   628.619   698.414   450.000   549.997
 2150.50   350.000   450.000   550.000   629.057   699.043   450.000   550.000
 2151.00   350.000   450.000   550.000   629.490   699.667   450.000   550.000
 2151.50   350.000   450.000   550.000   629.919   700.286   450.000   550.000
 2152.00   350.000   450.000   550.000   630.343   700.900   450.000   550.000
 2152.50   350.000   450.000   550.000   630.762   701.509   450.000   550.000
 2153.00   350.000   450.000   550.000   631.177   702.114   450.000   550.000
 2153.50   350.000   450.000   550.000   631.587   702.714   450.000   550.000
 2154.00   350.000   450.000   550.000   631.992   703.309   450.000   550.000
 2154.50   350.000   450.000   550.000   632.392   703.900   450.000   550.000
 2155.00   350.000   450.000   550.000   632.788   704.485   450.000   550.000
 2155.50   350.000   450.000   550.000   633.179   705.066   450.000   550.000
 2156.00   350.000   450.000   550.000   633.566   705.643   450.000   550.000
 2156.50   350.000   450.000   550.000   633.948   706.214   450.000   550.000
 2157.00   350.000   450.000   550.000   634.325   706.781   450.000   550.000
 2157.50   350.000   450.000   550.000   634.697   707.344   450.000   550.000
 2158.00   350.000   450.000   550.000   635.065   707.901   450.000   550.000
 2158.50   350.000   450.000   550.000   635.428   708.454   450.000   550.000
 2159.00   350.000   450.000   550.000   635.787   709.003   450.000   550.000
 2159.50   350.000   450.000   550.000   636.140   709.547   450.000   550.000
 2160.00   350.000   450.000   550.000   636.489   710.086   450.000   550.000
 2160.50   350.000   450.000   550.000   636.834   710.621   450.000   550.000
 2161.00   350.000   450.000   550.000   637.174   711.151   450.000   550.000
 2161.50   350.000   450.000   550.000   637.509   711.676   450.000   550.000
 2162.00   350.000   450.000   550.000   637.839   712.197   450.000   550.000
 2162.50   350.000   450.000   550.000   638.165   712.714   450.000   550.000
 2163.00   350.000   450.000   550.000   638.486   713.226   450.000   550.000
 2163.50   350.000   450.000   550.000   638.803   713.734   450.000   550.000
 2164.00   350.000   450.000   550.000   639.115   714.237   450.000   550.000
 2164.50   350.000   450.000   550.000   639.422   714.735   450.000   550.000
 2165.00   350.000   450.000   550.000   639.725   715.230   450.000   550.000
 2165.50   350.000   450.000   550.000   640.023   715.720   450.000   550.000
 2166.00   350.000   450.000   550.000   640.316   716.205   450.000   550.000
 2166.50   350.000   450.000   550.000   640.605   716.686   450.000   550.000
 2167.00   350.000   450.000   550.000   640.889   717.163   450.000   550.000
 2167.50   350.000   450.000   550.000   641.169   717.635   450.000   550.000
 2168.00   350.000   450.000   550.000   641.444   718.103   450.000   550.000
 2168.50   350.000   450.000   550.000   641.714   718.567   450.000   550.000
 2169.00   350.000   450.000   550.000   641.980   719.026   450.000   550.000
 2169.50   350.000   450.000   550.000   642.242   719.481   450.000   550.000
 2170.00   350.000   450.000   550.000   642.498   719.932   450.000   550.000
 2170.50   350.000   450.000   550.000   642.751   720.379   450.000   550.000
 2171.00   350.000   450.000   550.000   642.998   720.821   450.000   550.000
 2171.50   350.000   450.000   550.000   643.242   721.260   450.000   550.000
 2172.00   350.000   450.000   550.000   643.480   721.694   450.000   550.000
 2172.50   350.000   450.000   550.000   643.714   722.123   450.000   550.000
 2173.00   350.000   450.000   550.000   643.944   722.549   450.000   550.000
 2173.50   350.000   450.000   550.000   644.169   722.971   450.000   550.000
 2174.00   350.000   450.000   550.000   644.390   723.388   450.000   550.000
 2174.50   350.000   450.000   550.000   644.606   723.801   450.000   550.000
 2175.00   350.000   450.000   550.000   644.818   724.211   450.000   550.000
 2175.50   350.000   450.000   550.000   645.025   724.616   450.000   550.000
 2176.00   350.000   450.000   550.000   645.228   725.017   450.000   550.000
 2176.50   350.000   450.000   550.000   645.427   725.414   450.000   550.000
 2177.00   350.000   450.000   550.000   645.621   725.807   450.000   550.000
 2177.50   350.000   450.000   550.000   645.811   726.196   450.000   550.000
 2178.00   350.000   450.000   550.000   645.996   726.581   450.000   550.000
 2178.50   350.000   450.000   550.000   646.177   726.963   450.000   550.000
 2179.00   350.000   450.000   550.000   646.353   727.340   450.000   550.000
 2179.50   350.000   450.000   550.000   646.525   727.713   450.000   550.000
 2180.00   350.000   450.000   550.000   646.693   728.083   450.000   550.000
 2180.50   350.000   450.000   550.000   646.857   728.448   450.000   550.000
 2181.00   350.000   450.000   550.000   647.016   728.810   450.000   550.000
 2181.50   350.000   450.000   550.000   647.170   729.168   450.000   550.000
 2182.00   350.000   450.000   550.000   647.321   729.522   450.000   550.000
 2182.50   350.000   450.000   550.000   647.467   729.872   450.000   550.000
 2183.00   350.000   450.000   550.000   647.609   730.218   450.000   550.000
 2183.50   350.000   450.000   550.000   647.747   730.561   450.000   550.000
 2184.00   350.000   450.000   550.000   647.880   730.900   450.000   550.000
 2184.50   350.000   450.000   550.000   648.010   731.235   450.000   550.000
 2185.00   350.000   450.000   550.000   648.135   731.567   450.000   550.000
 2185.50   350.000   450.000   550.000   648.255   731.894   450.000   550.000
 2186.00   350.000   450.000   550.000   648.372   732.219   450.000   550.000
 2186.50   350.000   450.000   550.000   648.485   732.539   450.000   550.000
 2187.00   350.000   450.000   550.000   648.593   732.856   450.000   550.000
 2187.50   350.000   450.000   550.000   648.697   733.169   450.000   550.000
 2188.00   350.000   450.000   550.000   648.797   733.479   450.000   550.000
 2188.50   350.000   450.000   550.000   648.893   733.785   450.000   550.000
 2189.00   350.000   450.000   550.000   648.985   734.087   450.000   550.000
 2189.50   350.000   450.000   550.000   649.072   734.386   450.000   550.000
 2190.00   350.000   450.000   550.000   649.156   734.682   450.000   550.000
 2190.50   350.000   450.000   550.000   649.236   734.974   450.000   550.000
 2191.00   350.000   450.000   550.000   649.311   735.262   450.000   550.000
 2191.50   350.000   450.000   550.000   649.383   735.547   450.000   550.000
 2192.00   350.000   450.000   550.000   649.450   735.829   450.000   550.000
 2192.50   350.000   450.000   550.000   649.514   736.107   450.000   550.000
 2193.00   350.000   450.000   550.000   649.573   736.382   450.000   550.000
 2193.50   350.000   450.000   550.000   649.629   736.653   450.000   550.000
 2194.00   350.000   450.000   550.000   649.680   736.921   450.000   550.000
 2194.50   350.000   450.000   550.000   649.728   737.186   450.000   550.000
 2195.00   350.000   450.000   550.000   649.772   737.447   450.000   550.000
 2195.50   350.000   450.000   550.000   649.812   737.705   450.000   550.000
 2196.00   350.000   450.000   550.000   649.848   737.960   450.000   550.000
 2196.50   350.000   450.000   550.000   649.880   738.211   450.000   550.000
 2197.00   350.000   450.000   550.000   649.908   738.459   450.000   550.000
 2197.50   350.000   450.000   550.000   649.933   738.704   450.000   550.000
 2198.00   350.000   450.000   550.000   649.953   738.946   450.000   550.000
 2198.50   350.000   450.000   550.000   649.970   739.185   450.000   550.000
 2199.00   350.000   450.000   550.000   649.983   739.420   450.000   550.000
 2199.50   350.000   450.000   550.000   649.993   739.653   450.000   550.000
 2200.00   350.000   450.000   550.000   649.998   739.882   450.000   550.000
 2200.50   350.000   450.000   550.000   650.000   740.108   450.000   550.000
 2201.00   350.000   450.000   550.000   650.000   740.331   450.000   550.000
 2201.50   350.000   450.000   550.000   650.000   740.551   450.000   550.000
 2202.00   350.000   450.000   550.000   650.000   740.767   450.000   550.000
 2202.50   350.000   450.000   550.000   650.000   740.981   450.000   550.000
 2203.00   350.000   450.000   550.000   650.000   741.192   450.000   550.000
 2203.50   350.000   450.000   550.000   650.000   741.400   450.000   550.000
 2204.00   350.000   450.000   550.000   650.000   741.604   450.000   550.000
 2204.50   350.000   450.000   550.000   650.000   741.806   450.000   550.000
 2205.00   350.000   450.000   550.000   650.000   742.005   450.000   550.000
 2205.50   350.000   450.000   550.000   650.000   742.201   450.000   550.000
 2206.00   350.000   450.000   550.000   650.000   742.394   450.000   550.000
 2206.50   350.000   450.000   550.000   650.000   742.584   450.000   550.000
 2207.00   350.000   450.000   550.000   650.000   742.771   450.000   550.000
 2207.50   350.000   450.000   550.000   650.000   742.955   450.000   550.000
 2208.00   350.000   450.000   550.000   650.000   743.137   450.000   550.000
 2208.50   350.000   450.000   550.000   650.000   743.316   450.000   550.000
 2209.00   350.000   450.000   550.000   650.000   743.492   450.000   550.000
 2209.50   350.000   450.000   550.000   650.000   743.665   450.000   550.000
 2210.00   350.000   450.000   550.000   650.000   743.835   450.000   550.000
 2210.50   350.000   450.000   550.000   650.000   744.003   450.000   550.000
 2211.00   350.000   450.000   550.000   650.000   744.168   450.000   550.000
 2211.50   350.000   450.000   550.000   650.000   744.330   450.000   550.000
 2212.00   350.000   450.000   550.000   650.000   744.489   450.000   550.000
 2212.50   350.000   450.000   550.000   650.000   744.646   450.000   550.000
 2213.00   350.000   450.000   550.000   650.000   744.800   450.000   550.000
 2213.50   350.000   450.000   550.000   650.000   744.952   450.000   550.000
 2214.00   350.000   450.000   550.000   650.000   745.101   450.000   550.000
 2214.50   350.000   450.000   550.000   650.000   745.247   450.000   550.000
 2215.00   350.000   450.000   550.000   650.000   745.391   450.000   550.000
 2215.50   350.000   450.000   550.000   650.000   745.532   450.000   550.000
 2216.00   350.000   450.000   550.000   650.000   745.671   450.000   550.000
 2216.50   350.000   450.000   550.000   650.000   745.807   450.000   550.000
 2217.00   350.000   450.000   550.000   650.000   745.940   450.000   550.000
 2217.50   350.000   450.000   550.000   650.000   746.071   450.000   550.000
 2218.00   350.000   450.000   550.000   650.000   746.200   450.000   550.000
 2218.50   350.000   450.000   550.000   650.000   746.326   450.000   550.000
 2219.00   350.000   450.000   550.000   650.000   746.450   450.000   550.000
 2219.50   350.000   450.000   550.000   650.000   746.571   450.000   550.000
 2220.00   350.000   450.000   550.000   650.000   746.690   450.000   550.000
 2220.50   350.000   450.000   550.000   650.000   746.806   450.000   550.000
 2221.00   350.000   450.000   550.000   650.000   746.920   450.000   550.000
 2221.50   350.000   450.000   550.000   650.000   747.032   450.000   550.000
 2222.00   350.000   450.000   550.000   650.000   747.141   450.000   550.000
 2222.50   350.000   450.000   550.000   650.000   747.248   450.000   550.000
 2223.00   350.000   450.000   550.000   650.000   747.353   450.000   550.000
 2223.50   350.000   450.000   550.000   650.000   747.455   450.000   550.000
 2224.00   350.000   450.000   550.000   650.000   747.555   450.000   550.000
 2224.50   350.000   450.000   550.000   650.000   747.653   450.000   550.000
 2225.00   350.000   450.000   550.000   650.000   747.749   450.000   550.000
 2225.50   350.000   450.000   550.000   650.000   747.842   450.000   550.000
 2226.00   350.000   450.000   550.000   650.000   747.933   450.000   550.000
 2226.50   350.000   450.000   550.000   650.000   748.022   450.000   550.000
 2227.00   350.000   450.000   550.000   650.000   748.109   450.000   550.000
 2227.50   350.000   450.000   550.000   650.000   748.193   450.000   550.000
 2228.00   350.000   450.000   550.000   650.000   748.276   450.000   550.000
 2228.50   350.000   450.000   550.000   650.000   748.356   450.000   550.000
 2229.00   350.000   450.000   550.000   650.000   748.434   450.000   550.000
 2229.50   350.000   450.000   550.000   650.000   748.510   450.000   550.000
 2230.00   350.000   450.000   550.000   650.000   748.584   450.000   550.000
 2230.50   350.000   450.000   550.000   650.000   748.656   450.000   550.000
 2231.00   350.000   450.000   550.000   650.000   748.726   450.000   550.000
 2231.50   350.000   450.000   550.000   650.000   748.794   450.000   550.000
 2232.00   350.000   450.000   550.000   650.000   748.860   450.000   550.000
 2232.50   350.000   450.000   550.000   650.000   748.924   450.000   550.000
 2233.00   350.000   450.000   550.000   650.000   748.985   450.000   550.000
 2233.50   350.000   450.000   550.000   650.000   749.045   450.000   550.000
 2234.00   350.000   450.000   550.000   650.000   749.103   450.000   550.000
 2234.50   350.000   450.000   550.000   650.000   749.159   450.000   550.000
 2235.00   350.000   450.000   550.000   650.000   749.213   450.000   550.000
 2235.50   350.000   450.000   550.000   650.000   749.265   450.000   550.000
 2236.00   350.000   450.000   550.000   650.000   749.315   450.000   550.000
 2236.50   350.000   450.000   550.000   650.000   749.363   450.000   550.000
 2237.00   350.000   450.000   550.000   650.000   749.409   450.000   550.000
 2237.50   350.000   450.000   550.000   650.000   749.454   450.000   550.000
 2238.00   350.000   450.000   550.000   650.000   749.496   450.000   550.000
 2238.50   350.000   450.000   550.000   650.000   749.537   450.000   550.000
 2239.00   350.000   450.000   550.000   650.000   749.576   450.000   550.000
 2239.50   350.000   450.000   550.000   650.000   749.613   450.000   550.000
 2240.00   350.000   450.000   550.000   650.000   749.649   450.000   550.000
 2240.50   350.000   450.000   550.000   650.000   749.682   450.000   550.000
 2241.00   350.000   450.000   550.000   650.000   749.714   450.000   550.000
 2241.50   350.000   450.000   550.000   650.000   749.744   450.000   550.000
 2242.00   350.000   450.000   550.000   650.000   749.772   450.000   550.000
 2242.50   350.000   450.000   550.000   650.000   749.799   450.000   550.000
 2243.00   350.000   450.000   550.000   650.000   749.824   450.000   550.000
 2243.50   350.000   450.000   550.000   650.000   749.847   450.000   550.000
 2244.00   350.000   450.000   550.000   650.000   749.868   450.000   550.000
 2244.50   350.000   450.000   550.000   650.000   749.888   450.000   550.000
 2245.00   350.000   450.000   550.000   650.000   749.906   450.000   550.000
 2245.50   350.000   450.000   550.000   650.000   749.923   450.000   550.000
 2246.00   350.000   450.000   550.000   650.000   749.938   450.000   550.000
 2246.50   350.000   450.000   550.000   650.000   749.951   450.000   550.000
 2247.00   350.000   450.000   550.000   650.000   749.962   450.000   550.000
 2247.50   350.000   450.000   550.000   650.000   749.972   450.000   550.000
 2248.00   350.000   450.000   550.000   650.000   749.981   450.000   550.000
 2248.50   350.000   450.000   550.000   650.000   749.988   450.000   550.000
 2249.00   350.000   450.000   550.000   650.000   749.993   450.000   550.000
 2249.50   350.000   450.000   550.000   650.000   749.997   450.000   550.000
 2250.00   350.000   450.000   550.000   650.000   749.999   450.000   550.000
 2250.50   350.000   450.000   550.000   650.000   750.000   450.000   550.000
 2251.00   350.000   450.000   550.000   650.000   750.000   450.000   550.000
 2251.50   350.000   450.000   550.000   650.000   750.000   450.000   550.000
 2252.00   350.000   450.000   550.000   650.000   750.000   450.000   550.000
 2252.50   350.000   450.000   550.000   650.000   750.000   450.000   550.000
 2253.00   350.000   450.000   550.000   650.000   750.000   450.000   550.000
 2253.50   350.000   450.000   550.000   650.000   750.000   450.000   550.000
 2254.00   350.000   450.000   550.000   650.000   750.000   450.000   550.000
 2254.50   350.000   450.000   550.000   650.000   750.000   450.000   550.000
 2255.00   350.000   450.000   550.000   650.000   750.000   450.000   550.000
 2255.50   350.000   450.000   550.000   650.000   750.000   450.000   550.000
 2256.00   350.000   450.000   550.000   650.000   750.000   450.000   550.000
 2256.50   350.000   450.000   550.000   650.000   750.000   450.000   550.000
 2257.00   350.000   450.000   550.000   650.000   750.000   450.000   550.000
 2257.50   350.000   450.000   550.000   650.000   750.000   450.000   550.000
 2258.00   350.000   450.000   550.000   650.000   750.000   450.000   550.000
 2258.50   350.000   450.000   550.000   650.000   750.000   450.000   550.000
 2259.00   350.000   450.000   550.000   650.000   750.000   450.000   550.000
 2259.50   350.000   450.000   550.000   650.000   750.000   450.000   550.000
 2260.00   350.000   450.000   550.000   650.000   750.000   450.000   550.000
 2260.50   350.000   450.000   550.000   650.000   750.000   450.000   550.000
 2261.00   350.000   450.000   550.000   650.000   750.000   450.000   550.000
 2261.50   350.000   450.000   550.000   650.000   750.000   450.000   550.000
 2262.00   350.000   450.000   550.000   650.000   750.000   450.000   550.000
 2262.50   350.000   450.000   550.000   650.000   750.000   450.000   550.000
 2263.00   350.000   450.000   550.000   650.000   750.000   450.000   550.000
 2263.50   350.000   450.000   550.000   650.000   750.000   450.000   550.000
 2264.00   350.000   450.000   550.000   650.000   750.000   450.000   550.000
 2264.50   350.000   450.000   550.000   650.000   750.000   450.000   550.000
 2265.00   350.000   450.000   550.000   650.000   750.000   450.000   550.000
 2265.50   350.000   450.000   550.000   650.000   750.000   450.000   550.000
 2266.00   350.000   450.000   550.000   650.000   750.000   450.000   550.000
 2266.50   350.000   450.000   550.000   650.000   750.000   450.000   550.000
 2267.00   350.000   450.000   550.000   650.000   750.000   450.000   550.000
 2267.50   350.000   450.000   550.000   650.000   750.000   450.000   550.000
 2268.00   350.000   450.000   550.000   650.000   750.000   450.000   550.000
 2268.50   350.000   450.000   550.000   650.000   750.000   450.000   550.000
 2269.00   350.000   450.000   550.000   650.000   750.000   450.000   550.000
 2269.50   350.000   450.000   550.000   650.000   750.000   450.000   550.000
 2270.00   350.000   450.000   550.000   650.000   750.000   450.000   550.000
 2270.50   350.000   450.000   550.000   650.000   750.000   450.000   550.000
 2271.00   350.000   450.000   550.000   650.000   750.000   450.000   550.000
 2271.50   350.000   450.000   550.000   650.000   750.000   450.000   550.000
 2272.00   350.000   450.000   550.000   650.000   750.000   450.000   550.000
 2272.50   350.000   450.000   550.000   650.000   750.000   450.000   550.000
 2273.00   350.000   450.000   550.000   650.000   750.000   450.000   550.000
 2273.50   350.000   450.000   550.000   650.000   750.000   450.000   550.000
 2274.00   350.000   450.000   550.000   650.000   750.000   450.000   550.000
 2274.50   350.000   450.000   550.000   650.000   750.000   450.000   550.000
 2275.00   350.000   450.000   550.000   650.000   750.000   450.000   550.000
 2275.50   350.000   450.000   550.000   650.000   750.000   450.000   550.000
 2276.00   350.000   450.000   550.000   650.000   750.000   450.000   550.000
 2276.50   350.000   450.000   550.000   650.000   750.000   450.000   550.000
 2277.00   350.000   450.000   550.000   650.000   750.000   450.000   550.000
 2277.50   350.000   450.000   550.000   650.000   750.000   450.000   550.000
 2278.00   350.000   450.000   550.000   650.000   750.000   450.000   550.000
 2278.50   350.000   450.000   550.000   650.000   750.000   450.000   550.000
 2279.00   350.000   450.000   550.000   650.000   750.000   450.000   550.000
 2279.50   350.000   450.000   550.000   650.000   750.000   450.000   550.000
 2280.00   350.000   450.000   550.000   650.000   750.000   450.000   550.000
 2280.50   350.000   450.000   550.000   650.000   750.000   450.000   550.000
 2281.00   350.000   450.000   550.000   650.000   750.000   450.000   550.000
 2281.50   350.000   450.000   550.000   650.000   750.000   450.000   550.000
 2282.00   350.000   450.000   550.000   650.000   750.000   450.000   550.000
 2282.50   350.000   450.000   550.000   650.000   750.000   450.000   550.000
 2283.00   350.000   450.000   550.000   650.000   750.000   450.000   550.000
 2283.50   350.000   450.000   550.000   650.000   750.000   450.000   550.000
 2284.00   350.000   450.000   550.000   650.000   750.000   450.000   550.000
 2284.50   350.000   450.000   550.000   650.000   750.000   450.000   550.000
 2285.00   350.000   450.000   550.000   650.000   750.000   450.000   550.000
 2285.50   350.000   450.000   550.000   650.000   750.000   450.000   550.000
 2286.00   350.000   450.000   550.000   650.000   750.000   450.000   550.000
 2286.50   350.000   450.000   550.000   650.000   750.000   450.000   550.000
 2287.00   350.000   450.000   550.000   650.000   750.000   450.000   550.000
 2287.50   350.000   450.000   550.000   650.000   750.000   450.000   550.000
 2288.00   350.000   450.000   550.000   650.000   750.000   450.000   550.000
 2288.50   350.000   450.000   550.000   650.000   750.000   450.000   550.000
 2289.00   350.000   450.000   550.000   650.000   750.000   450.000   550.000
 2289.50   350.000   450.000   550.000   650.000   750.000   450.000   550.000
 2290.00   350.000   450.000   550.000   650.000   750.000   450.000   550.000
 2290.50   350.000   450.000   550.000   650.000   750.000   450.000   550.000
 2291.00   350.000   450.000   550.000   650.000   750.000   450.000   550.000
 2291.50   350.000   450.000   550.000   650.000   750.000   450.000   550.000
 2292.00   350.000   450.000   550.000   650.000   750.000   450.000   550.000
 2292.50   350.000   450.000   550.000   650.000   750.000   450.000   550.000
 2293.00   350.000   450.000   550.000   650.000   750.000   450.000   550.000
 2293.50   350.000   450.000   550.000   650.000   750.000   450.000   550.000
 2294.00   350.000   450.000   550.000   650.000   750.000   450.000   550.000
 2294.50   350.000   450.000   550.000   650.000   750.000   450.000   550.000
 2295.00   350.000   450.000   550.000   650.000   750.000   450.000   550.000
 2295.50   350.000   450.000   550.000   650.000   750.000   450.000   550.000
 2296.00   350.000   450.000   550.000   650.000   750.000   450.000   550.000
 2296.50   350.000   450.000   550.000   650.000   750.000   450.000   550.000
 2297.00   350.000   450.000   550.000   650.000   750.000   450.000   550.000
 2297.50   350.000   450.000   550.000   650.000   750.000   450.000   550.000
 2298.00   350.000   450.000   550.000   650.000   750.000   450.000   550.000
 2298.50   350.000   450.000   550.000   650.000   750.000   450.000   550.000
 2299.00   350.000   450.000   550.000   650.000   750.000   450.000   550.000
 2299.50   350.000   450.000   550.000   650.000   750.000   450.000   550.000
 2300.00   350.000   450.000   550.000   650.000   750.000   450.000   550.000
 2300.50   350.000   450.000   550.000   650.000   750.000   450.000   550.000
